8.45899374100000
7.41310757700000
7.89388255200000
8.29622666900000
5.53484317800000
5.12123527600000
7.10548434300000
7.37391659900000
7.09518046400000
6.99691514800000
7.53766935600000
7.02467796100000
7.28070534100000
6.70857471100000
7.79181124400000
6.67183362800000
10.3567591130000
9.69826728100000
4.99287659800000
8.33067634800000
7.30399324400000
8.07043176000000
7.66063709200000
7.95794243200000
5.71370868500000
7.05438105100000
5.27006837200000
5.30783749300000
9.60005000500000
9.35526475300000
5.78295401500000
6.59384458700000
5.49706257300000
6.41489943800000
4.85957773900000
3.63741319100000
8.90682065800000
8.02469851500000
7.35554670400000
7.57171729900000
7.45134274800000
8.00723652300000
6.95715608900000
7.22245506000000
6.69869001300000
6.27752868000000
8.35112875400000
7.95697316000000
8.67562230300000
9.34964636000000
8.03063148800000
7.13162953600000
7.30582039100000
5.93157898900000
6.31601724200000
6.60065593500000
9.14435593200000
9.30988205600000
5.89867561400000
5.48812124800000
7.78881854000000
6.03777961000000
8.91040993700000
8.94167489100000
7.81565620500000
6.71229309300000
5.58186597500000
3.80146105700000
6.02163312400000
2.91400877000000
7.04102918700000
6.00853375100000
8.16410740600000
9.39229543700000
6.50331999900000
7.39697607800000
8.35925411000000
8.59852094600000
5.78864322300000
6.51999866800000
8.77126949700000
8.20053261300000
4.44548800300000
5.13596337700000
5.41898675900000
4.32059989300000
3.38798303400000
3.79851103400000
3.60778220700000
5.46549456100000